#
#
#  Percent Identity  Matrix - created by Clustal2.1
#
#

     1: NC_000019.10_35  100.00   92.49   79.28   44.09   47.02   45.68   36.14   40.00   44.05   40.78   42.03
     2: XM_009647219.2    92.49  100.00   73.47   61.76   49.30   44.37   27.42    -nan   40.62   40.96   38.20
     3: XM_014825163.1    79.28   73.47  100.00   52.94   49.55   46.74   35.85   47.83   51.02   43.35   42.79
     4: XR_003797123.1    44.09   61.76   52.94  100.00   67.36   53.75   47.78   46.15   38.87   42.86   42.45
     5: XR_008604045.1    47.02   49.30   49.55   67.36  100.00   55.41   49.16   50.94   45.63   45.05   44.66
     6: XM_033919593.1    45.68   44.37   46.74   53.75   55.41  100.00   41.86   42.42   42.82   42.38   40.42
     7: XM_064701121.1    36.14   27.42   35.85   47.78   49.16   41.86  100.00   89.62   44.29   45.56   44.58
     8: XM_009574449.1    40.00    -nan   47.83   46.15   50.94   42.42   89.62  100.00   45.57   40.59   34.44
     9: XM_030485281.1    44.05   40.62   51.02   38.87   45.63   42.82   44.29   45.57  100.00   58.59   58.63
    10: XR_002440439.1    40.78   40.96   43.35   42.86   45.05   42.38   45.56   40.59   58.59  100.00   88.46
    11: XM_046919624.1    42.03   38.20   42.79   42.45   44.66   40.42   44.58   34.44   58.63   88.46  100.00